14 15
16 17
25 26
49 50
57 58
65 66
70 71
77 78
81 82
89 90
97 98
103 104
111 1
111 2
111 7
111 8
118 119
126 127
129 15
129 17
129 26
129 50
129 58
129 66
129 71
129 78
129 82
129 90
129 98
129 104
129 119
129 127
129 130
129 131
129 132
129 133
129 134
129 135
129 136
129 137
129 138
129 139
129 140
129 141
129 142
129 143
129 144
129 145
129 146
129 147
129 148
129 149
129 150
129 151
129 152
129 153
154 155
154 156
157 158
157 159
160 161
160 162
160 163
160 164
165 166
165 167
165 168
165 169
170 171
170 172
170 173
170 174
175 176
175 177
175 178
175 179
180 181
180 182
183 184
183 185
183 186
183 187
183 188
183 189
190 191
190 192
190 193
190 194
190 195
190 196
197 198
197 199
197 200
197 201
197 202
197 203
204 205
204 206
204 207
204 208
209 210
209 211
212 213
212 214
212 215
212 216
217 218
217 219
217 220
217 221
222 223
222 224
225 226
225 227
225 228
225 229
230 231
230 232
230 233
230 234
230 235
230 236
230 237
230 238
239 240
239 241
239 242
239 243
239 244
239 245
246 247
246 248
246 249
246 250
246 251
246 252
246 253
246 254
255 256
255 257
255 258
255 259
260 261
260 262
260 263
260 264
265 266
265 267
265 268
265 269
270 271
270 272
270 273
270 274
275 276
275 277
275 278
275 279
280 281
280 282
280 283
280 284
280 285
280 286
287 288
287 289
287 290
287 291
287 292
287 293
294 295
294 296
294 297
294 298
294 299
294 300
294 301
294 302
303 304
303 305
303 306
303 307
303 308
303 309
303 310
303 311
2 3
2 4
2 5
2 6
8 9
8 10
8 11
8 12
313 171
315 173
317 155
319 155
321 210
323 186
325 188
327 184
329 207
331 205
333 261
335 263
337 155
339 233
341 235
343 231
345 237
347 155
349 171
351 173
353 186
355 188
357 184
359 205
361 207
363 256
365 258
367 168
369 166
371 168
373 166
375 266
377 268
379 155
381 210
383 186
385 188
387 184
389 205
391 207
393 247
395 253
397 249
399 251
401 235
403 233
405 231
407 237
409 168
411 166
413 168
415 166
417 256
419 258
421 155
423 168
425 166
427 168
429 166
431 200
433 198
435 202
437 155
439 210
441 186
443 188
445 184
447 205
449 207
451 299
453 297
455 295
457 301
459 235
461 231
463 233
465 237
467 171
469 173
471 155
473 171
475 173
477 155
479 168
481 166
483 168
485 166
487 261
489 263
491 168
493 166
495 168
497 166
499 271
501 273
503 155
505 210
507 186
509 188
511 184
513 205
515 207
517 266
519 268
521 155
523 235
525 231
527 233
529 237
531 171
533 173
535 155
537 168
539 166
541 168
543 166
545 290
547 288
549 292
551 155
553 210
555 186
557 188
559 184
561 205
563 207
565 193
567 191
569 195
571 155
573 235
575 231
577 233
579 237
581 171
583 173
585 155
587 168
589 166
591 168
593 166
595 193
597 191
599 195
601 155
603 155
605 235
607 231
609 233
611 237
613 171
615 173
617 155
619 168
621 166
623 168
625 166
627 247
629 253
631 249
633 251
635 155
637 210
639 186
641 188
643 184
645 205
647 207
649 271
651 273
653 155
655 210
657 186
659 188
661 184
663 205
665 207
667 308
669 306
671 304
673 310
675 155
677 235
679 231
681 233
683 237
685 171
687 173
689 155
691 168
693 166
695 168
697 166
699 308
701 306
703 304
705 310
707 155
709 210
711 188
713 186
715 184
717 207
719 205
721 233
723 235
725 231
727 237
729 244
731 240
733 242
735 210
737 155
739 210
741 186
743 188
745 184
747 205
749 207
751 276
753 278
755 155
757 235
759 231
761 233
763 237
765 171
767 173
769 155
771 168
773 166
775 168
777 166
779 276
781 278
783 155
785 210
787 186
789 188
791 184
793 205
795 207
797 283
799 281
801 285
803 155
805 235
807 231
809 233
811 237
813 171
815 173
817 155
819 168
821 166
823 168
825 166
827 283
829 281
831 285
833 155
835 210
837 186
839 188
841 184
843 205
845 207
847 290
849 288
851 292
853 155
855 235
857 231
859 233
861 237
863 171
865 173
867 155
869 210
871 186
873 188
875 184
877 205
879 207
881 200
883 198
885 202
887 155
889 235
891 231
893 233
895 237
897 171
899 173
901 155
903 155
905 235
907 231
909 233
911 237
913 171
915 173
917 155
919 168
921 166
923 168
925 166
927 299
929 297
931 295
933 301
156 318
156 320
156 338
156 348
156 380
156 422
156 438
156 472
156 478
156 504
156 522
156 536
156 552
156 572
156 586
156 602
156 604
156 618
156 636
156 654
156 676
156 690
156 708
156 738
156 756
156 770
156 784
156 804
156 818
156 834
156 854
156 868
156 888
156 902
156 904
156 918
156 935
159 937
159 938
159 939
159 940
159 941
162 943
162 944
164 945
164 946
167 370
167 374
167 412
167 416
167 426
167 430
167 482
167 486
167 494
167 498
167 540
167 544
167 590
167 594
167 622
167 626
167 694
167 698
167 774
167 778
167 822
167 826
167 922
167 926
169 368
169 372
169 410
169 414
169 424
169 428
169 480
169 484
169 492
169 496
169 538
169 542
169 588
169 592
169 620
169 624
169 692
169 696
169 772
169 776
169 820
169 824
169 920
169 924
172 314
172 350
172 468
172 474
172 532
172 582
172 614
172 686
172 766
172 814
172 864
172 898
172 914
174 316
174 352
174 470
174 476
174 534
174 584
174 616
174 688
174 768
174 816
174 866
174 900
174 916
177 950
179 951
182 953
182 954
182 955
185 328
185 358
185 388
185 446
185 512
185 560
185 644
185 662
185 716
185 746
185 792
185 842
185 876
187 324
187 354
187 384
187 442
187 508
187 556
187 640
187 658
187 714
187 742
187 788
187 838
187 872
189 326
189 356
189 386
189 444
189 510
189 558
189 642
189 660
189 712
189 744
189 790
189 840
189 874
192 568
192 598
194 566
194 596
196 570
196 600
959 181
960 158
199 434
199 884
201 432
201 882
203 436
203 886
962 158
206 332
206 360
206 390
206 448
206 514
206 562
206 646
206 664
206 720
206 748
206 794
206 844
206 878
208 330
208 362
208 392
208 450
208 516
208 564
208 648
208 666
208 718
208 750
208 796
208 846
208 880
211 322
211 382
211 440
211 506
211 554
211 638
211 656
211 710
211 736
211 740
211 786
211 836
211 870
214 965
216 966
968 218
970 220
972 223
974 226
976 228
219 969
221 971
224 973
980 155
981 163
982 161
227 975
227 983
229 977
229 984
986 1
987 7
988 1
989 7
990 1
991 7
232 344
232 406
232 462
232 526
232 576
232 608
232 680
232 726
232 760
232 808
232 858
232 892
232 908
232 992
234 340
234 404
234 464
234 528
234 578
234 610
234 682
234 722
234 762
234 810
234 860
234 894
234 910
234 993
236 342
236 402
236 460
236 524
236 574
236 606
236 678
236 724
236 758
236 806
236 856
236 890
236 906
236 994
238 346
238 408
238 466
238 530
238 580
238 612
238 684
238 728
238 764
238 812
238 862
238 896
238 912
238 995
997 1
998 7
241 732
243 734
245 730
1000 226
1001 228
248 394
248 628
250 398
250 632
252 400
252 634
254 396
254 630
1003 235
1004 231
1005 233
1006 237
1007 163
1008 161
1009 158
1010 213
1011 215
257 364
257 418
259 366
259 420
262 334
262 488
264 336
264 490
1014 158
1015 181
267 376
267 518
269 378
269 520
1017 158
272 500
272 650
274 502
274 652
1019 181
277 752
277 780
279 754
279 782
1021 176
282 800
282 830
284 798
284 828
286 802
286 832
289 548
289 850
291 546
291 848
293 550
293 852
296 456
296 932
298 454
298 930
300 452
300 928
302 458
302 934
305 672
305 704
307 670
307 702
309 668
309 700
311 674
311 706
